Cross-Validation: 0.1383145363408521 ---- Validation: 0.22857142857142856
Cross-Validation: 0.13834586466165413 ---- Validation: 0.22857142857142856
